Sorting algorithims timing and every 1000th element


Bubble Sort for Carray: 19.878

0
329
662
979
1306
1618
1959
2311
2638
2978
3305
3639
3969
4274
4612
4973
5308
5644
5954
6282
6606
6921
7261
7584
7903
8215
8533
8863
9206
9536
9861
10167
10491
10805
11140
11477
11808
12129
12447
12763
13097
13442
13788
14121
14467
14788
15111
15436
15769
16118
16445
16779
17101
17448
17764
18093
18419
18708
19040
19365
19692
20016
20345
20672
20994
21326
21671
22005
22324
22657
22973
23297
23607
23923
24231
24543
24865
25205
25516
25843
26179
26500
26828
27170
27492
27815
28136
28478
28811
29131
29456
29784
30103
30438
30769
31100
31422
31743
32085
32429

Bubble Flagged Sort for Carray: 20.228

0
329
662
979
1306
1618
1959
2311
2638
2978
3305
3639
3969
4274
4612
4973
5308
5644
5954
6282
6606
6921
7261
7584
7903
8215
8533
8863
9206
9536
9861
10167
10491
10805
11140
11477
11808
12129
12447
12763
13097
13442
13788
14121
14467
14788
15111
15436
15769
16118
16445
16779
17101
17448
17764
18093
18419
18708
19040
19365
19692
20016
20345
20672
20994
21326
21671
22005
22324
22657
22973
23297
23607
23923
24231
24543
24865
25205
25516
25843
26179
26500
26828
27170
27492
27815
28136
28478
28811
29131
29456
29784
30103
30438
30769
31100
31422
31743
32085
32429

Selection Sort for Carray: 13.295

0
329
662
979
1306
1618
1959
2311
2638
2978
3305
3639
3969
4274
4612
4973
5308
5644
5954
6282
6606
6921
7261
7584
7903
8215
8533
8863
9206
9536
9861
10167
10491
10805
11140
11477
11808
12129
12447
12763
13097
13442
13788
14121
14467
14788
15111
15436
15769
16118
16445
16779
17101
17448
17764
18093
18419
18708
19040
19365
19692
20016
20345
20672
20994
21326
21671
22005
22324
22657
22973
23297
23607
23923
24231
24543
24865
25205
25516
25843
26179
26500
26828
27170
27492
27815
28136
28478
28811
29131
29456
29784
30103
30438
30769
31100
31422
31743
32085
32429

Insertion Sort for Carray: 1.402

0
329
662
979
1306
1618
1959
2311
2638
2978
3305
3639
3969
4274
4612
4973
5308
5644
5954
6282
6606
6921
7261
7584
7903
8215
8533
8863
9206
9536
9861
10167
10491
10805
11140
11477
11808
12129
12447
12763
13097
13442
13788
14121
14467
14788
15111
15436
15769
16118
16445
16779
17101
17448
17764
18093
18419
18708
19040
19365
19692
20016
20345
20672
20994
21326
21671
22005
22324
22657
22973
23297
23607
23923
24231
24543
24865
25205
25516
25843
26179
26500
26828
27170
27492
27815
28136
28478
28811
29131
29456
29784
30103
30438
30769
31100
31422
31743
32085
32429

Shell Sort for Carray: 0.012

0
329
662
979
1306
1618
1959
2311
2638
2978
3305
3639
3969
4274
4612
4973
5308
5644
5954
6282
6606
6921
7261
7584
7903
8215
8533
8863
9206
9536
9861
10167
10491
10805
11140
11477
11808
12129
12447
12763
13097
13442
13788
14121
14467
14788
15111
15436
15769
16118
16445
16779
17101
17448
17764
18093
18419
18708
19040
19365
19692
20016
20345
20672
20994
21326
21671
22005
22324
22657
22973
23297
23607
23923
24231
24543
24865
25205
25516
25843
26179
26500
26828
27170
27492
27815
28136
28478
28811
29131
29456
29784
30103
30438
30769
31100
31422
31743
32085
32429

Heap Sort for Carray: 0.008

0
329
662
979
1306
1618
1959
2311
2638
2978
3305
3639
3969
4274
4612
4973
5308
5644
5954
6282
6606
6921
7261
7584
7903
8215
8533
8863
9206
9536
9861
10167
10491
10805
11140
11477
11808
12129
12447
12763
13097
13442
13788
14121
14467
14788
15111
15436
15769
16118
16445
16779
17101
17448
17764
18093
18419
18708
19040
19365
19692
20016
20345
20672
20994
21326
21671
22005
22324
22657
22973
23297
23607
23923
24231
24543
24865
25205
25516
25843
26179
26500
26828
27170
27492
27815
28136
28478
28811
29131
29456
29784
30103
30438
30769
31100
31422
31743
32085
32429

Merge Sort for Carray: 0.01

0
329
662
979
1306
1618
1959
2311
2638
2978
3305
3639
3969
4274
4612
4973
5308
5644
5954
6282
6606
6921
7261
7584
7903
8215
8533
8863
9206
9536
9861
10167
10491
10805
11140
11477
11808
12129
12447
12763
13097
13442
13788
14121
14467
14788
15111
15436
15769
16118
16445
16779
17101
17448
17764
18093
18419
18708
19040
19365
19692
20016
20345
20672
20994
21326
21671
22005
22324
22657
22973
23297
23607
23923
24231
24543
24865
25205
25516
25843
26179
26500
26828
27170
27492
27815
28136
28478
28811
29131
29456
29784
30103
30438
30769
31100
31422
31743
32085
32429

Quick Sort for Carray: 0.006

0
329
662
979
1306
1618
1959
2311
2638
2978
3305
3639
3969
4274
4612
4973
5308
5644
5954
6282
6606
6921
7261
7584
7903
8215
8533
8863
9206
9536
9861
10167
10491
10805
11140
11477
11808
12129
12447
12763
13097
13442
13788
14121
14467
14788
15111
15436
15769
16118
16445
16779
17101
17448
17764
18093
18419
18708
19040
19365
19692
20016
20345
20672
20994
21326
21671
22005
22324
22657
22973
23297
23607
23923
24231
24543
24865
25205
25516
25843
26179
26500
26828
27170
27492
27815
28136
28478
28811
29131
29456
29784
30103
30438
30769
31100
31422
31743
32085
32429

Bubble Sort for Array class: 27.91

0
336
665
985
1308
1613
1947
2258
2579
2885
3211
3533
3852
4163
4477
4814
5145
5466
5800
6154
6475
6810
7131
7462
7776
8114
8440
8764
9093
9431
9758
10078
10429
10757
11074
11399
11732
12035
12359
12691
13022
13351
13667
13999
14314
14651
14976
15301
15631
15980
16311
16637
16961
17277
17601
17919
18239
18567
18899
19221
19562
19888
20221
20557
20888
21217
21545
21864
22198
22516
22841
23153
23497
23828
24165
24499
24826
25152
25466
25802
26119
26439
26783
27104
27439
27774
28109
28430
28749
29086
29418
29756
30080
30432
30772
31116
31451
31763
32118
32445

Bubble flagged Sort for Array class: 27.7

0
336
665
985
1308
1613
1947
2258
2579
2885
3211
3533
3852
4163
4477
4814
5145
5466
5800
6154
6475
6810
7131
7462
7776
8114
8440
8764
9093
9431
9758
10078
10429
10757
11074
11399
11732
12035
12359
12691
13022
13351
13667
13999
14314
14651
14976
15301
15631
15980
16311
16637
16961
17277
17601
17919
18239
18567
18899
19221
19562
19888
20221
20557
20888
21217
21545
21864
22198
22516
22841
23153
23497
23828
24165
24499
24826
25152
25466
25802
26119
26439
26783
27104
27439
27774
28109
28430
28749
29086
29418
29756
30080
30432
30772
31116
31451
31763
32118
32445

Selection Sort for Array class: 14.888

0
336
665
985
1308
1613
1947
2258
2579
2885
3211
3533
3852
4163
4477
4814
5145
5466
5800
6154
6475
6810
7131
7462
7776
8114
8440
8764
9093
9431
9758
10078
10429
10757
11074
11399
11732
12035
12359
12691
13022
13351
13667
13999
14314
14651
14976
15301
15631
15980
16311
16637
16961
17277
17601
17919
18239
18567
18899
19221
19562
19888
20221
20557
20888
21217
21545
21864
22198
22516
22841
23153
23497
23828
24165
24499
24826
25152
25466
25802
26119
26439
26783
27104
27439
27774
28109
28430
28749
29086
29418
29756
30080
30432
30772
31116
31451
31763
32118
32445

Insertion Sort for Array class: 4.127

0
336
665
985
1308
1613
1947
2258
2579
2885
3211
3533
3852
4163
4477
4814
5145
5466
5800
6154
6475
6810
7131
7462
7776
8114
8440
8764
9093
9431
9758
10078
10429
10757
11074
11399
11732
12035
12359
12691
13022
13351
13667
13999
14314
14651
14976
15301
15631
15980
16311
16637
16961
17277
17601
17919
18239
18567
18899
19221
19562
19888
20221
20557
20888
21217
21545
21864
22198
22516
22841
23153
23497
23828
24165
24499
24826
25152
25466
25802
26119
26439
26783
27104
27439
27774
28109
28430
28749
29086
29418
29756
30080
30432
30772
31116
31451
31763
32118
32445

Shell Sort for Array class: 0.014

0
336
665
985
1308
1613
1947
2258
2579
2885
3211
3533
3852
4163
4477
4814
5145
5466
5800
6154
6475
6810
7131
7462
7776
8114
8440
8764
9093
9431
9758
10078
10429
10757
11074
11399
11732
12035
12359
12691
13022
13351
13667
13999
14314
14651
14976
15301
15631
15980
16311
16637
16961
17277
17601
17919
18239
18567
18899
19221
19562
19888
20221
20557
20888
21217
21545
21864
22198
22516
22841
23153
23497
23828
24165
24499
24826
25152
25466
25802
26119
26439
26783
27104
27439
27774
28109
28430
28749
29086
29418
29756
30080
30432
30772
31116
31451
31763
32118
32445

Heap Sort for Array class: 0.014

0
336
665
985
1308
1613
1947
2258
2579
2885
3211
3533
3852
4163
4477
4814
5145
5466
5800
6154
6475
6810
7131
7462
7776
8114
8440
8764
9093
9431
9758
10078
10429
10757
11074
11399
11732
12035
12359
12691
13022
13351
13667
13999
14314
14651
14976
15301
15631
15980
16311
16637
16961
17277
17601
17919
18239
18567
18899
19221
19562
19888
20221
20557
20888
21217
21545
21864
22198
22516
22841
23153
23497
23828
24165
24499
24826
25152
25466
25802
26119
26439
26783
27104
27439
27774
28109
28430
28749
29086
29418
29756
30080
30432
30772
31116
31451
31763
32118
32445

Merge Sort for Array class: 0.012

0
336
665
985
1308
1613
1947
2258
2579
2885
3211
3533
3852
4163
4477
4814
5145
5466
5800
6154
6475
6810
7131
7462
7776
8114
8440
8764
9093
9431
9758
10078
10429
10757
11074
11399
11732
12035
12359
12691
13022
13351
13667
13999
14314
14651
14976
15301
15631
15980
16311
16637
16961
17277
17601
17919
18239
18567
18899
19221
19562
19888
20221
20557
20888
21217
21545
21864
22198
22516
22841
23153
23497
23828
24165
24499
24826
25152
25466
25802
26119
26439
26783
27104
27439
27774
28109
28430
28749
29086
29418
29756
30080
30432
30772
31116
31451
31763
32118
32445

Quick Sort for Array class: 0.008

0
336
665
985
1308
1613
1947
2258
2579
2885
3211
3533
3852
4163
4477
4814
5145
5466
5800
6154
6475
6810
7131
7462
7776
8114
8440
8764
9093
9431
9758
10078
10429
10757
11074
11399
11732
12035
12359
12691
13022
13351
13667
13999
14314
14651
14976
15301
15631
15980
16311
16637
16961
17277
17601
17919
18239
18567
18899
19221
19562
19888
20221
20557
20888
21217
21545
21864
22198
22516
22841
23153
23497
23828
24165
24499
24826
25152
25466
25802
26119
26439
26783
27104
27439
27774
28109
28430
28749
29086
29418
29756
30080
30432
30772
31116
31451
31763
32118
32445

Bubble Sort for Vector: 21.406

0
343
676
998
1322
1639
1960
2273
2584
2917
3227
3545
3880
4201
4542
4864
5192
5518
5849
6191
6524
6855
7165
7506
7829
8154
8475
8794
9118
9431
9765
10099
10423
10744
11074
11399
11734
12050
12386
12703
13031
13352
13684
14011
14342
14666
15003
15328
15669
16001
16315
16655
17001
17323
17646
17962
18294
18624
18962
19308
19623
19951
20277
20593
20937
21260
21582
21924
22268
22607
22936
23271
23597
23925
24262
24586
24908
25210
25543
25877
26185
26514
26836
27169
27504
27825
28139
28462
28780
29117
29450
29782
30123
30443
30790
31128
31460
31796
32127
32444

Bubble Flagged Sort for Vector: 20.238

0
343
676
998
1322
1639
1960
2273
2584
2917
3227
3545
3880
4201
4542
4864
5192
5518
5849
6191
6524
6855
7165
7506
7829
8154
8475
8794
9118
9431
9765
10099
10423
10744
11074
11399
11734
12050
12386
12703
13031
13352
13684
14011
14342
14666
15003
15328
15669
16001
16315
16655
17001
17323
17646
17962
18294
18624
18962
19308
19623
19951
20277
20593
20937
21260
21582
21924
22268
22607
22936
23271
23597
23925
24262
24586
24908
25210
25543
25877
26185
26514
26836
27169
27504
27825
28139
28462
28780
29117
29450
29782
30123
30443
30790
31128
31460
31796
32127
32444

Selection Sort for Vector: 13.113

0
343
676
998
1322
1639
1960
2273
2584
2917
3227
3545
3880
4201
4542
4864
5192
5518
5849
6191
6524
6855
7165
7506
7829
8154
8475
8794
9118
9431
9765
10099
10423
10744
11074
11399
11734
12050
12386
12703
13031
13352
13684
14011
14342
14666
15003
15328
15669
16001
16315
16655
17001
17323
17646
17962
18294
18624
18962
19308
19623
19951
20277
20593
20937
21260
21582
21924
22268
22607
22936
23271
23597
23925
24262
24586
24908
25210
25543
25877
26185
26514
26836
27169
27504
27825
28139
28462
28780
29117
29450
29782
30123
30443
30790
31128
31460
31796
32127
32444

Insertion Sort for Vector: 1.351

0
343
676
998
1322
1639
1960
2273
2584
2917
3227
3545
3880
4201
4542
4864
5192
5518
5849
6191
6524
6855
7165
7506
7829
8154
8475
8794
9118
9431
9765
10099
10423
10744
11074
11399
11734
12050
12386
12703
13031
13352
13684
14011
14342
14666
15003
15328
15669
16001
16315
16655
17001
17323
17646
17962
18294
18624
18962
19308
19623
19951
20277
20593
20937
21260
21582
21924
22268
22607
22936
23271
23597
23925
24262
24586
24908
25210
25543
25877
26185
26514
26836
27169
27504
27825
28139
28462
28780
29117
29450
29782
30123
30443
30790
31128
31460
31796
32127
32444

Shell Sort for Vector: 0.011

0
343
676
998
1322
1639
1960
2273
2584
2917
3227
3545
3880
4201
4542
4864
5192
5518
5849
6191
6524
6855
7165
7506
7829
8154
8475
8794
9118
9431
9765
10099
10423
10744
11074
11399
11734
12050
12386
12703
13031
13352
13684
14011
14342
14666
15003
15328
15669
16001
16315
16655
17001
17323
17646
17962
18294
18624
18962
19308
19623
19951
20277
20593
20937
21260
21582
21924
22268
22607
22936
23271
23597
23925
24262
24586
24908
25210
25543
25877
26185
26514
26836
27169
27504
27825
28139
28462
28780
29117
29450
29782
30123
30443
30790
31128
31460
31796
32127
32444

Heap Sort for Vector: 0.005

0
343
676
998
1322
1639
1960
2273
2584
2917
3227
3545
3880
4201
4542
4864
5192
5518
5849
6191
6524
6855
7165
7506
7829
8154
8475
8794
9118
9431
9765
10099
10423
10744
11074
11399
11734
12050
12386
12703
13031
13352
13684
14011
14342
14666
15003
15328
15669
16001
16315
16655
17001
17323
17646
17962
18294
18624
18962
19308
19623
19951
20277
20593
20937
21260
21582
21924
22268
22607
22936
23271
23597
23925
24262
24586
24908
25210
25543
25877
26185
26514
26836
27169
27504
27825
28139
28462
28780
29117
29450
29782
30123
30443
30790
31128
31460
31796
32127
32444

Merge Sort for Vector: 0.009

0
343
676
998
1322
1639
1960
2273
2584
2917
3227
3545
3880
4201
4542
4864
5192
5518
5849
6191
6524
6855
7165
7506
7829
8154
8475
8794
9118
9431
9765
10099
10423
10744
11074
11399
11734
12050
12386
12703
13031
13352
13684
14011
14342
14666
15003
15328
15669
16001
16315
16655
17001
17323
17646
17962
18294
18624
18962
19308
19623
19951
20277
20593
20937
21260
21582
21924
22268
22607
22936
23271
23597
23925
24262
24586
24908
25210
25543
25877
26185
26514
26836
27169
27504
27825
28139
28462
28780
29117
29450
29782
30123
30443
30790
31128
31460
31796
32127
32444

Quick Sort for Vector: 0.006

0
343
676
998
1322
1639
1960
2273
2584
2917
3227
3545
3880
4201
4542
4864
5192
5518
5849
6191
6524
6855
7165
7506
7829
8154
8475
8794
9118
9431
9765
10099
10423
10744
11074
11399
11734
12050
12386
12703
13031
13352
13684
14011
14342
14666
15003
15328
15669
16001
16315
16655
17001
17323
17646
17962
18294
18624
18962
19308
19623
19951
20277
20593
20937
21260
21582
21924
22268
22607
22936
23271
23597
23925
24262
24586
24908
25210
25543
25877
26185
26514
26836
27169
27504
27825
28139
28462
28780
29117
29450
29782
30123
30443
30790
31128
31460
31796
32127
32444
